=== Summary ===

Total read pairs processed:          9,825,441
  Read 1 with adapter:                  17,669 (0.2%)
  Read 2 with adapter:                  15,187 (0.2%)
Pairs that were too short:             639,968 (6.5%)
Pairs written (passing filters):     9,185,473 (93.5%)

Total basepairs processed: 1,965,088,200 bp
  Read 1:   982,544,100 bp
  Read 2:   982,544,100 bp
Quality-trimmed:             125,590,727 bp (6.4%)
  Read 1:    38,877,672 bp
  Read 2:    86,713,055 bp
Total written (filtered):  1,792,679,510 bp (91.2%)
  Read 1:   902,728,916 bp
  Read 2:   889,950,594 bp

=== First read: Adapter 1 ===

Sequence: AGATCGGAAGAGC; Type: regular 3'; Length: 13; Trimmed: 17669 times; Reverse-complemented: 0 times

No. of allowed errors:
0-9 bp: 0; 10-13 bp: 1

Bases preceding removed adapters:
  A: 11.9%
  C: 20.3%
  G: 43.2%
  T: 15.7%
  none/other: 8.9%

Overview of removed sequences
length	count	expect	max.err	error counts
9	2057	37.5	0	0 2057
10	1802	9.4	1	1064 738
11	1242	2.3	1	907 335
12	965	0.6	1	800 165
13	780	0.1	1	743 37
14	699	0.1	1	665 34
15	604	0.1	1	563 41
16	544	0.1	1	505 39
17	590	0.1	1	546 44
18	445	0.1	1	413 32
19	319	0.1	1	274 45
20	309	0.1	1	274 35
21	273	0.1	1	243 30
22	226	0.1	1	195 31
23	238	0.1	1	204 34
24	208	0.1	1	174 34
25	189	0.1	1	165 24
26	167	0.1	1	138 29
27	168	0.1	1	142 26
28	156	0.1	1	137 19
29	146	0.1	1	124 22
30	138	0.1	1	108 30
31	110	0.1	1	78 32
32	107	0.1	1	84 23
33	93	0.1	1	59 34
34	124	0.1	1	85 39
35	115	0.1	1	80 35
36	151	0.1	1	117 34
37	102	0.1	1	64 38
38	99	0.1	1	56 43
39	118	0.1	1	98 20
40	81	0.1	1	31 50
41	70	0.1	1	45 25
42	79	0.1	1	48 31
43	55	0.1	1	33 22
44	39	0.1	1	23 16
45	45	0.1	1	31 14
46	115	0.1	1	65 50
47	59	0.1	1	28 31
48	100	0.1	1	34 66
49	64	0.1	1	37 27
50	57	0.1	1	25 32
51	64	0.1	1	29 35
52	82	0.1	1	38 44
53	88	0.1	1	52 36
54	70	0.1	1	15 55
55	48	0.1	1	25 23
56	55	0.1	1	23 32
57	58	0.1	1	25 33
58	58	0.1	1	14 44
59	58	0.1	1	34 24
60	47	0.1	1	24 23
61	34	0.1	1	20 14
62	65	0.1	1	23 42
63	84	0.1	1	41 43
64	58	0.1	1	41 17
65	50	0.1	1	30 20
66	57	0.1	1	25 32
67	56	0.1	1	26 30
68	94	0.1	1	45 49
69	120	0.1	1	53 67
70	180	0.1	1	71 109
71	255	0.1	1	80 175
72	460	0.1	1	133 327
73	526	0.1	1	252 274
74	257	0.1	1	202 55
75	49	0.1	1	26 23
76	38	0.1	1	5 33
77	22	0.1	1	0 22
78	18	0.1	1	1 17
79	27	0.1	1	0 27
80	33	0.1	1	0 33
81	12	0.1	1	0 12
82	32	0.1	1	1 31
83	30	0.1	1	1 29
84	13	0.1	1	1 12
85	17	0.1	1	1 16
86	29	0.1	1	2 27
87	33	0.1	1	0 33
88	36	0.1	1	3 33
89	16	0.1	1	0 16
90	28	0.1	1	1 27
91	31	0.1	1	2 29
92	20	0.1	1	0 20
93	17	0.1	1	0 17
94	8	0.1	1	0 8
95	27	0.1	1	3 24
96	16	0.1	1	2 14
97	58	0.1	1	0 58
98	21	0.1	1	3 18
99	14	0.1	1	1 13
100	52	0.1	1	15 37


=== Second read: Adapter 2 ===

Sequence: AGATCGGAAGAGC; Type: regular 3'; Length: 13; Trimmed: 15187 times; Reverse-complemented: 0 times

No. of allowed errors:
0-9 bp: 0; 10-13 bp: 1

Bases preceding removed adapters:
  A: 13.3%
  C: 20.5%
  G: 47.3%
  T: 16.5%
  none/other: 2.4%

Overview of removed sequences
length	count	expect	max.err	error counts
9	1928	37.5	0	0 1928
10	1776	9.4	1	1107 669
11	1113	2.3	1	852 261
12	1046	0.6	1	900 146
13	765	0.1	1	723 42
14	914	0.1	1	886 28
15	352	0.1	1	313 39
16	430	0.1	1	413 17
17	682	0.1	1	650 32
18	183	0.1	1	161 22
19	328	0.1	1	288 40
20	187	0.1	1	168 19
21	187	0.1	1	169 18
22	221	0.1	1	200 21
23	238	0.1	1	209 29
24	233	0.1	1	198 35
25	155	0.1	1	137 18
26	160	0.1	1	129 31
27	148	0.1	1	117 31
28	178	0.1	1	159 19
29	98	0.1	1	81 17
30	238	0.1	1	208 30
31	59	0.1	1	18 41
32	107	0.1	1	91 16
33	45	0.1	1	26 19
34	83	0.1	1	58 25
35	81	0.1	1	58 23
36	73	0.1	1	54 19
37	76	0.1	1	51 25
38	82	0.1	1	56 26
39	78	0.1	1	61 17
40	79	0.1	1	44 35
41	55	0.1	1	36 19
42	188	0.1	1	154 34
43	64	0.1	1	29 35
44	50	0.1	1	26 24
45	134	0.1	1	106 28
46	49	0.1	1	18 31
47	43	0.1	1	21 22
48	75	0.1	1	30 45
49	54	0.1	1	28 26
50	53	0.1	1	22 31
51	76	0.1	1	56 20
52	34	0.1	1	9 25
53	32	0.1	1	14 18
54	73	0.1	1	21 52
55	37	0.1	1	18 19
56	39	0.1	1	21 18
57	45	0.1	1	22 23
58	38	0.1	1	12 26
59	43	0.1	1	21 22
60	41	0.1	1	22 19
61	32	0.1	1	17 15
62	49	0.1	1	32 17
63	62	0.1	1	44 18
64	56	0.1	1	47 9
65	125	0.1	1	100 25
66	288	0.1	1	250 38
67	201	0.1	1	172 29
68	142	0.1	1	105 37
69	39	0.1	1	14 25
70	28	0.1	1	1 27
71	14	0.1	1	0 14
72	22	0.1	1	1 21
73	21	0.1	1	0 21
74	24	0.1	1	0 24
75	11	0.1	1	0 11
76	28	0.1	1	1 27
77	17	0.1	1	0 17
78	22	0.1	1	1 21
79	20	0.1	1	0 20
80	19	0.1	1	1 18
81	19	0.1	1	0 19
82	18	0.1	1	0 18
83	27	0.1	1	0 27
84	14	0.1	1	1 13
85	18	0.1	1	0 18
86	27	0.1	1	1 26
87	31	0.1	1	0 31
88	20	0.1	1	1 19
89	18	0.1	1	0 18
90	30	0.1	1	0 30
91	34	0.1	1	2 32
92	15	0.1	1	0 15
93	8	0.1	1	0 8
94	6	0.1	1	0 6
95	28	0.1	1	0 28
96	24	0.1	1	0 24
97	56	0.1	1	0 56
98	12	0.1	1	0 12
99	7	0.1	1	1 6
100	9	0.1	1	4 5

